dropout: 0.3982507372192874
learning_rate: 0.0029344827480777633
